,prediction,true
0,2,2
1,3,3
2,9,9
3,7,7
4,8,8
5,3,3
6,4,4
7,1,1
8,0,0
9,9,9
10,7,7
11,9,9
12,1,1
13,2,3
14,7,7
15,6,6
16,2,2
17,2,2
18,1,1
19,8,8
20,5,5
21,7,7
22,0,0
23,7,7
24,3,3
25,2,2
26,8,8
27,0,0
28,0,0
29,8,8
30,6,6
31,7,7
32,8,8
33,6,6
34,6,6
35,6,6
36,3,3
37,5,3
38,5,5
39,3,3
40,4,4
41,7,7
42,5,3
43,5,5
44,0,0
45,4,4
46,4,4
47,9,9
48,5,5
49,7,7
50,3,3
51,9,9
52,3,3
53,7,7
54,2,2
55,8,8
56,4,4
57,6,6
58,4,4
59,4,4
60,7,7
61,6,6
62,1,1
63,5,5
64,9,9
65,8,8
66,0,0
67,1,1
68,4,4
69,3,3
70,6,6
71,2,2
72,1,1
73,4,4
74,6,6
75,7,7
76,3,3
77,0,0
78,4,4
79,3,3
80,6,6
81,6,6
82,6,6
83,1,1
84,9,9
85,7,7
86,6,6
87,6,6
88,1,1
89,6,6
90,5,5
91,9,9
92,4,4
93,2,2
94,9,9
95,6,6
96,3,5
97,9,9
98,1,1
99,9,9
100,4,4
101,1,1
102,0,0
103,0,0
104,9,9
105,5,5
106,2,2
107,1,1
108,2,2
109,8,8
110,1,1
111,9,9
112,0,0
113,6,6
114,2,3
115,3,3
116,0,0
117,0,0
118,2,2
119,6,6
120,8,8
121,1,1
122,6,6
123,1,1
124,7,7
125,5,5
126,6,6
127,6,6
128,3,3
129,0,0
130,4,4
131,2,2
132,2,2
133,8,8
134,6,6
135,4,4
136,8,8
137,4,4
138,2,2
139,3,3
140,0,0
141,4,4
142,0,0
143,5,5
144,6,6
145,5,5
146,6,6
147,0,0
148,5,5
149,3,3
150,8,8
151,3,3
152,1,1
153,7,7
154,6,6
155,3,3
156,0,0
157,8,8
158,4,4
159,7,7
160,6,6
161,7,7
162,9,9
163,7,7
164,3,3
165,3,3
166,3,3
167,2,2
168,6,6
169,1,1
170,7,7
171,7,7
172,1,1
173,8,8
174,3,3
175,9,9
176,5,5
177,1,1
178,5,5
179,0,0
180,8,8
181,2,3
182,9,9
183,6,6
184,1,1
185,7,7
186,0,0
187,0,0
188,7,7
189,5,5
190,2,3
191,1,1
192,2,2
193,7,7
194,3,3
195,9,9
196,1,1
197,2,2
198,9,9
199,6,6
200,9,9
201,9,9
202,3,3
203,9,9
204,2,2
205,2,2
206,8,8
207,2,2
208,4,4
209,0,0
210,0,0
211,1,1
212,7,7
213,6,6
214,6,6
215,1,1
216,5,5
217,7,7
218,7,7
219,9,9
220,5,5
221,4,4
222,8,8
223,7,7
224,0,0
225,9,9
226,3,3
227,0,0
228,1,1
229,4,4
230,7,7
231,8,8
232,2,2
233,5,5
234,3,3
235,1,1
236,7,7
237,9,9
238,2,8
239,1,1
240,0,0
241,8,8
242,1,1
243,6,6
244,0,0
245,1,1
246,7,7
247,8,8
248,7,7
249,4,4
250,0,0
251,2,2
252,5,5
253,0,0
254,9,9
255,4,4
256,0,0
257,4,9
258,4,4
259,8,8
260,4,4
261,0,0
262,1,1
263,3,3
264,8,8
265,0,0
266,8,8
267,8,8
268,2,2
269,3,3
270,6,6
271,2,2
272,6,6
273,6,6
274,7,7
275,9,9
276,3,3
277,8,8
278,7,7
279,0,0
280,3,3
281,2,3
282,8,8
283,8,8
284,4,4
285,8,8
286,9,9
287,2,2
288,4,4
289,5,5
290,1,1
291,0,0
292,1,1
293,4,4
294,2,2
295,0,0
296,5,5
297,4,4
298,6,6
299,1,1
300,4,4
301,9,9
302,1,1
303,8,8
304,4,4
305,1,1
306,8,8
307,8,3
308,0,0
309,6,6
310,7,7
311,9,9
312,7,7
313,8,8
314,2,2
315,8,8
316,6,6
317,4,4
318,3,3
319,4,4
320,4,4
321,6,6
322,0,0
323,3,3
324,4,4
325,8,5
326,3,3
327,8,8
328,7,7
329,6,8
330,0,0
331,5,5
332,7,2
333,2,2
334,9,9
335,2,2
336,2,2
337,8,8
338,9,9
339,1,1
340,4,4
341,9,9
342,7,7
343,1,1
344,0,0
345,6,6
346,7,7
347,0,0
348,0,0
349,4,4
350,6,6
351,2,2
352,9,9
353,7,7
354,8,9
355,3,9
356,0,0
357,6,6
358,9,9
359,5,5
360,0,0
361,4,4
362,6,6
363,1,3
364,4,4
365,1,1
366,7,7
367,2,2
368,2,8
369,9,9
370,3,3
371,4,4
372,6,6
373,0,0
374,8,8
375,9,9
376,4,4
377,2,2
378,0,0
379,1,1
380,2,2
381,3,3
382,1,1
383,8,8
384,1,1
385,5,5
386,9,9
387,4,4
388,3,3
389,5,5
390,4,4
391,8,8
392,7,7
393,9,9
394,6,6
395,6,6
396,9,2
397,1,1
398,4,4
399,6,6
400,5,5
401,0,0
402,7,7
403,9,9
404,9,9
405,4,4
406,3,3
407,8,8
408,7,7
409,0,0
410,5,5
411,2,2
412,3,3
413,1,1
414,3,3
415,6,6
416,6,6
417,9,9
418,7,7
419,4,4
420,9,9
421,6,6
422,7,7
423,2,2
424,8,8
425,8,1
426,7,7
427,6,6
428,9,9
429,0,0
430,3,3
431,2,2
432,9,9
433,4,4
434,7,7
435,3,3
436,0,0
437,0,0
438,2,2
439,7,7
440,7,7
441,5,5
442,7,7
443,7,7
444,5,5
445,4,4
446,2,2
447,4,4
448,8,8
449,1,1
450,8,8
451,5,5
452,0,0
453,5,5
454,0,0
455,0,0
456,7,7
457,8,8
458,8,8
459,9,9
460,2,2
461,3,3
462,1,1
463,7,7
464,2,2
465,4,4
466,3,3
467,9,9
468,7,7
469,8,8
470,3,3
471,3,3
472,6,6
473,8,8
474,9,9
475,4,4
476,0,0
477,2,7
478,1,1
479,7,7
480,4,4
481,1,1
482,6,6
483,3,3
484,0,0
485,6,6
486,1,1
487,6,6
488,7,7
489,6,6
490,9,9
491,4,4
492,5,5
493,4,4
494,6,6
495,2,2
496,9,9
497,7,7
498,7,7
499,4,4
500,5,5
501,0,0
502,5,5
503,9,9
504,6,6
505,3,3
506,6,6
507,3,3
508,9,9
509,9,9
510,8,2
511,9,9
512,0,0
513,8,8
514,1,1
515,4,4
516,0,0
517,1,1
518,7,7
519,5,9
520,2,2
521,9,9
522,5,5
523,2,2
524,8,8
525,3,3
526,8,8
527,2,2
528,4,4
529,8,8
530,3,3
531,3,3
532,5,5
533,2,2
534,6,6
535,1,1
536,2,8
537,2,2
538,6,6
539,7,7
540,8,8
541,0,0
542,6,6
543,5,5
544,6,6
545,2,2
546,3,3
547,1,1
548,9,9
549,6,6
550,4,4
551,6,6
552,6,6
553,0,0
554,8,8
555,3,3
556,2,2
557,5,5
558,4,4
559,5,5
560,6,6
561,4,4
562,6,6
563,7,7
564,1,1
565,4,4
566,2,2
567,8,8
568,1,1
569,6,6
570,9,9
571,9,9
572,2,2
573,7,7
574,4,4
575,9,9
576,5,5
577,2,5
578,4,4
579,5,5
580,6,6
581,5,5
582,2,2
583,3,3
584,4,4
585,2,2
586,8,8
587,2,2
588,1,1
589,9,9
590,4,4
591,4,4
592,7,7
593,8,8
594,6,6
595,8,8
596,8,8
597,4,4
598,6,6
599,0,0
600,5,5
601,6,6
602,5,5
603,1,1
604,5,5
605,1,1
606,8,8
607,2,2
608,0,0
609,9,9
610,6,6
611,8,8
612,2,2
613,2,2
614,8,8
615,4,4
616,4,4
617,2,2
618,2,2
619,5,5
620,3,3
621,7,7
622,5,5
623,5,5
624,8,1
625,9,9
626,1,1
627,6,6
628,3,3
629,8,8
630,8,8
631,4,4
632,0,0
633,0,0
634,1,1
635,9,9
636,4,4
637,3,2
638,4,4
639,4,4
640,1,1
641,2,2
642,7,7
643,9,9
644,9,9
645,8,8
646,3,3
647,1,2
648,4,4
649,7,7
650,3,3
651,8,8
652,6,6
653,6,6
654,2,2
655,2,2
656,9,9
657,6,6
658,6,6
659,4,4
660,3,3
661,6,6
662,9,9
663,4,4
664,6,6
665,2,2
666,9,9
667,9,9
668,7,7
669,3,3
670,3,3
671,1,3
672,9,9
673,6,2
674,6,6
675,8,8
676,9,9
677,6,6
678,9,9
679,2,2
680,2,2
681,8,8
682,0,0
683,8,8
684,8,8
685,0,0
686,5,5
687,0,0
688,2,2
689,6,6
690,1,1
691,6,6
692,4,4
693,1,1
694,4,4
695,1,1
696,0,0
697,1,1
698,8,8
699,8,8
700,9,9
701,0,0
702,7,7
703,2,2
704,6,6
705,2,2
706,0,0
707,3,3
708,5,5
709,0,0
710,3,3
711,4,4
712,4,4
713,9,9
714,8,8
715,3,3
716,9,9
717,2,2
718,4,4
719,6,6
720,2,2
721,7,7
722,4,4
723,3,3
724,4,4
725,0,0
726,4,4
727,7,7
728,0,0
729,0,0
730,5,5
731,3,3
732,5,5
733,4,4
734,9,9
735,8,8
736,7,7
737,1,1
738,5,5
739,1,1
740,4,4
741,1,1
742,9,4
743,9,9
744,5,5
745,2,2
746,1,1
747,5,5
748,9,9
749,5,5
750,7,7
751,4,4
752,3,3
753,7,9
754,3,3
755,4,4
756,4,4
757,3,3
758,0,0
759,1,1
760,3,3
761,7,7
762,7,7
763,2,2
764,4,4
765,1,1
766,7,7
767,1,1
768,7,7
769,9,9
770,5,5
771,3,3
772,4,4
773,8,8
774,8,8
775,7,7
776,3,9
777,3,3
778,3,3
779,4,2
780,6,6
781,8,8
782,7,7
783,6,0
784,6,6
785,7,7
786,1,1
787,1,1
788,1,1
789,4,4
790,6,6
791,6,6
792,3,3
793,1,1
794,8,8
795,3,3
796,5,5
797,7,7
798,2,2
799,2,7
800,1,1
801,9,9
802,1,1
803,7,7
804,3,2
805,1,1
806,4,4
807,9,9
808,7,7
809,6,6
810,3,3
811,7,7
812,8,8
813,7,7
814,7,7
815,9,9
816,4,4
817,8,8
818,8,6
819,2,2
820,6,6
821,6,6
822,9,9
823,0,0
824,3,3
825,6,6
826,5,5
827,5,5
828,1,1
829,4,4
830,9,9
831,5,5
832,0,0
833,8,8
834,1,1
835,7,7
836,7,7
837,0,0
838,5,5
839,4,4
840,5,5
841,6,6
842,8,8
843,7,7
844,5,5
845,4,4
846,1,1
847,9,9
848,0,0
849,1,1
850,7,7
851,4,4
852,6,6
853,9,9
854,0,0
855,5,5
856,6,8
857,0,0
858,0,0
859,4,4
860,2,3
861,4,4
862,0,0
863,7,7
864,9,9
865,3,3
866,0,0
867,8,8
868,8,8
869,2,2
870,3,3
871,2,2
872,0,0
873,0,0
874,8,8
875,9,9
876,4,4
877,2,7
878,2,2
879,7,7
880,9,9
881,4,9
882,4,4
883,6,6
884,7,7
885,1,1
886,5,5
887,1,1
888,7,7
889,1,1
890,2,2
891,6,6
892,0,0
893,5,3
894,3,3
895,6,6
896,3,3
897,1,1
898,9,9
899,8,8
900,0,0
901,0,0
902,0,0
903,0,0
904,3,3
905,4,4
906,0,0
907,2,2
908,4,4
909,3,3
910,4,4
911,6,6
912,1,1
913,0,0
914,5,5
915,3,3
916,6,6
917,7,7
918,9,9
919,2,2
920,7,7
921,0,0
922,6,6
923,2,3
924,1,1
925,3,3
926,0,0
927,0,0
928,3,3
929,6,6
930,4,4
931,1,1
932,6,6
933,0,0
934,4,4
935,3,3
936,9,9
937,0,0
938,5,5
939,5,5
940,6,6
941,2,2
942,4,4
943,6,6
944,6,6
945,0,0
946,0,0
947,0,0
948,9,9
949,2,2
950,4,4
951,2,2
952,9,9
953,3,3
954,1,1
955,1,1
956,0,0
957,9,9
958,1,1
959,2,2
960,6,6
961,5,5
962,8,8
963,2,2
964,9,9
965,0,0
966,3,3
967,7,7
968,5,5
969,1,1
970,4,4
971,1,1
972,1,1
973,9,9
974,1,1
975,3,3
976,0,2
977,8,8
978,7,7
979,3,3
980,4,4
981,7,7
982,4,4
983,6,6
984,8,8
985,4,4
986,5,5
987,5,5
988,4,4
989,1,1
990,4,4
991,0,0
992,5,5
993,6,6
994,5,5
995,3,3
996,9,9
997,0,0
998,7,7
999,6,6
1000,2,2
1001,8,8
1002,1,1
1003,8,8
1004,0,0
1005,1,1
1006,3,3
1007,8,8
1008,1,1
1009,0,0
1010,8,8
1011,1,1
1012,5,5
1013,7,7
1014,3,3
1015,8,8
1016,7,7
1017,6,6
1018,9,9
1019,7,7
1020,8,2
1021,5,5
1022,8,8
1023,4,4
1024,1,1
1025,6,6
1026,4,4
1027,2,2
1028,4,4
1029,9,9
1030,6,4
1031,1,1
1032,1,1
1033,2,2
1034,7,7
1035,7,7
1036,3,3
1037,6,6
1038,1,1
1039,5,3
1040,5,5
1041,0,0
1042,9,9
1043,5,5
1044,2,2
1045,9,9
1046,1,1
1047,6,5
1048,9,9
1049,4,4
1050,2,2
1051,6,6
1052,9,9
1053,3,3
1054,1,1
1055,1,1
1056,4,4
1057,2,2
1058,4,4
1059,7,7
1060,1,1
1061,8,8
1062,2,2
1063,7,7
1064,9,9
1065,6,6
1066,1,1
1067,2,2
1068,1,5
1069,0,0
1070,7,7
1071,4,4
1072,1,1
1073,6,6
1074,9,9
1075,7,7
1076,1,1
1077,4,4
1078,0,0
1079,9,9
1080,5,5
1081,6,6
1082,2,2
1083,8,8
1084,2,2
1085,0,0
1086,5,5
1087,7,7
1088,4,4
1089,2,2
1090,1,1
1091,1,1
1092,9,9
1093,8,8
1094,8,8
1095,1,1
1096,0,0
1097,0,0
1098,9,9
1099,7,7
1100,5,5
1101,2,2
1102,2,2
1103,7,7
1104,7,7
1105,7,7
1106,1,1
1107,8,8
1108,1,1
1109,6,6
1110,3,3
1111,4,4
1112,0,0
1113,9,9
1114,7,7
1115,7,7
1116,4,4
1117,0,0
1118,3,3
1119,1,1
1120,2,2
1121,0,0
1122,5,5
1123,3,9
1124,3,3
1125,6,6
1126,7,7
1127,6,6
1128,9,9
1129,0,0
1130,1,1
1131,6,6
1132,4,4
1133,3,3
1134,1,3
1135,2,2
1136,7,7
1137,6,6
1138,4,4
1139,7,7
1140,9,9
1141,9,9
1142,4,4
1143,7,7
1144,7,7
1145,1,1
1146,5,5
1147,1,7
1148,6,6
1149,6,6
1150,1,1
1151,4,4
1152,5,5
1153,8,8
1154,2,2
1155,3,3
1156,0,0
1157,3,3
1158,6,6
1159,0,0
1160,2,2
1161,1,1
1162,0,0
1163,4,4
1164,7,7
1165,0,0
1166,9,9
1167,7,7
1168,3,3
1169,0,0
1170,0,0
1171,0,0
1172,6,5
1173,5,5
1174,0,0
1175,1,1
1176,1,1
1177,2,2
1178,7,7
1179,7,7
1180,7,7
1181,7,7
1182,8,8
1183,6,6
1184,1,1
1185,9,9
1186,3,3
1187,6,6
1188,6,6
1189,8,8
1190,4,4
1191,2,2
1192,9,9
1193,1,1
1194,4,4
1195,5,5
1196,2,2
1197,4,4
1198,9,3
1199,5,5
1200,4,4
1201,6,6
1202,6,6
1203,7,7
1204,8,8
1205,0,6
1206,5,5
1207,5,5
1208,9,9
1209,5,5
1210,6,6
1211,8,8
1212,2,2
1213,3,3
1214,7,7
1215,0,0
1216,2,2
1217,6,6
1218,7,7
1219,3,3
1220,5,5
1221,9,9
1222,4,4
1223,8,8
1224,8,8
1225,3,3
1226,5,5
1227,7,7
1228,2,2
1229,8,8
1230,7,7
1231,6,6
1232,9,9
1233,2,2
1234,4,4
1235,2,2
1236,0,0
1237,8,8
1238,5,5
1239,0,0
1240,1,1
1241,4,4
1242,7,7
1243,6,6
1244,6,6
1245,7,7
1246,9,9
1247,9,9
1248,9,9
1249,8,8
1250,4,4
1251,6,6
1252,6,6
1253,6,6
1254,0,0
1255,0,0
1256,0,0
1257,6,6
1258,0,0
1259,5,5
1260,0,0
1261,8,8
1262,4,9
1263,5,5
1264,8,8
1265,1,1
1266,0,0
1267,3,3
1268,1,1
1269,1,1
1270,0,0
1271,0,0
1272,4,4
1273,2,2
1274,5,8
1275,1,1
1276,4,4
1277,5,5
1278,5,5
1279,6,6
1280,0,0
1281,5,5
1282,1,1
1283,5,5
1284,6,6
1285,6,6
1286,6,0
1287,1,1
1288,9,9
1289,2,2
1290,7,7
1291,4,4
1292,1,1
1293,2,2
1294,8,5
1295,5,5
1296,4,4
1297,6,6
1298,3,3
1299,6,8
1300,2,2
1301,8,8
1302,8,8
1303,1,1
1304,7,7
1305,9,9
1306,7,7
1307,3,3
1308,5,5
1309,6,6
1310,2,2
1311,2,2
1312,6,6
1313,8,8
1314,0,0
1315,2,2
1316,8,8
1317,5,5
1318,6,6
1319,9,9
1320,1,1
1321,9,9
1322,9,9
1323,2,2
1324,4,4
1325,1,1
1326,5,5
1327,9,9
1328,2,2
1329,8,8
1330,9,9
1331,2,2
1332,3,3
1333,1,1
1334,2,2
1335,8,8
1336,3,3
1337,8,8
1338,9,9
1339,2,2
1340,3,3
1341,6,6
1342,9,9
1343,2,2
1344,7,7
1345,5,5
1346,1,1
1347,8,8
1348,6,6
1349,2,2
1350,0,0
1351,9,9
1352,3,3
1353,0,0
1354,9,9
1355,0,0
1356,1,1
1357,4,4
1358,9,4
1359,6,6
1360,1,1
1361,4,4
1362,6,6
1363,3,3
1364,0,0
1365,5,5
1366,7,7
1367,7,7
1368,8,6
1369,9,9
1370,0,0
1371,2,2
1372,6,6
1373,4,4
1374,2,2
1375,4,4
1376,7,7
1377,6,6
1378,8,8
1379,2,2
1380,6,6
1381,5,5
1382,6,6
1383,9,9
1384,6,6
1385,4,4
1386,9,9
1387,1,1
1388,5,5
1389,3,3
1390,3,3
1391,9,9
1392,7,7
1393,2,2
1394,7,7
1395,4,4
1396,4,4
1397,5,5
1398,3,3
1399,6,6
1400,8,8
1401,0,0
1402,0,0
1403,4,4
1404,7,7
1405,3,3
1406,8,8
1407,2,2
1408,7,7
1409,4,4
1410,4,4
1411,6,6
1412,1,1
1413,4,4
1414,4,4
1415,2,2
1416,8,8
1417,4,4
1418,7,7
1419,4,4
1420,5,5
1421,2,2
1422,1,1
1423,7,7
1424,9,9
1425,4,4
1426,3,3
1427,6,6
1428,1,1
1429,8,8
1430,8,8
1431,0,0
1432,7,7
1433,2,2
1434,1,1
1435,5,5
1436,4,4
1437,0,2
1438,4,4
1439,5,5
1440,4,4
1441,9,9
1442,4,4
1443,6,6
1444,2,2
1445,5,5
1446,2,2
1447,2,2
1448,8,8
1449,8,8
1450,1,1
1451,5,5
1452,7,7
1453,9,9
1454,0,5
1455,4,4
1456,0,0
1457,4,4
1458,7,7
1459,1,1
1460,8,8
1461,2,2
1462,4,4
1463,5,5
1464,3,3
1465,5,5
1466,4,4
1467,1,1
1468,0,0
1469,6,6
1470,2,2
1471,1,1
1472,3,3
1473,0,0
1474,5,5
1475,6,6
1476,7,7
1477,9,9
1478,8,8
1479,1,1
1480,0,0
1481,3,3
1482,2,2
1483,6,6
1484,5,5
1485,1,1
1486,9,9
1487,9,9
1488,5,5
1489,2,1
1490,8,8
1491,9,9
1492,7,3
1493,6,6
1494,4,4
1495,2,2
1496,4,4
1497,5,5
1498,8,8
1499,7,7
1500,4,7
1501,1,1
1502,9,9
1503,3,3
1504,9,9
1505,4,4
1506,5,8
1507,8,8
1508,0,0
1509,4,4
1510,2,2
1511,1,1
1512,3,3
1513,0,0
1514,3,3
1515,3,3
1516,4,4
1517,5,5
1518,8,8
1519,2,2
1520,1,1
1521,1,1
1522,0,0
1523,6,6
1524,1,1
1525,1,1
1526,5,5
1527,1,1
1528,5,5
1529,3,3
1530,7,7
1531,1,1
1532,0,0
1533,1,1
1534,6,6
1535,1,1
1536,2,2
1537,0,0
1538,9,9
1539,2,2
1540,9,9
1541,3,3
1542,3,3
1543,4,4
1544,9,9
1545,9,9
1546,4,4
1547,9,9
1548,6,6
1549,9,9
1550,2,2
1551,4,4
1552,3,3
1553,8,8
1554,9,9
1555,4,4
1556,0,0
1557,3,3
1558,4,4
1559,0,0
1560,1,1
1561,7,7
1562,9,9
1563,6,6
1564,5,5
1565,3,3
1566,9,9
1567,0,0
1568,0,0
1569,1,1
1570,4,4
1571,0,0
1572,2,2
1573,2,2
1574,8,8
1575,6,6
1576,8,8
1577,3,3
1578,7,7
1579,0,0
1580,7,7
1581,1,1
1582,2,8
1583,7,7
1584,1,1
1585,5,5
1586,1,1
1587,4,4
1588,5,5
1589,8,8
1590,6,6
1591,5,5
1592,7,7
1593,3,3
1594,4,4
1595,4,4
1596,5,5
1597,6,6
1598,6,6
1599,6,6
1600,9,9
1601,7,7
1602,7,7
1603,4,4
1604,1,1
1605,9,9
1606,7,7
1607,2,2
1608,1,1
1609,8,8
1610,0,0
1611,1,1
1612,9,9
1613,9,9
1614,0,0
1615,1,1
1616,7,7
1617,2,8
1618,1,1
1619,6,6
1620,7,7
1621,8,8
1622,8,8
1623,1,1
1624,6,6
1625,2,2
1626,0,0
1627,9,9
1628,1,1
1629,2,2
1630,7,7
1631,7,7
1632,7,7
1633,7,7
1634,5,5
1635,6,6
1636,0,0
1637,0,0
1638,4,4
1639,0,0
1640,4,9
1641,0,0
1642,9,9
1643,5,5
1644,5,5
1645,7,7
1646,7,7
1647,7,7
1648,6,6
1649,7,7
1650,3,3
1651,7,7
1652,9,9
1653,4,4
1654,3,3
1655,1,1
1656,9,9
1657,6,6
1658,4,4
1659,1,1
1660,3,3
1661,1,1
1662,6,6
1663,9,9
1664,8,8
1665,0,0
1666,3,3
1667,9,9
1668,1,1
1669,1,1
1670,3,3
1671,6,6
1672,8,8
1673,9,9
1674,3,3
1675,7,7
1676,3,3
1677,5,5
1678,2,2
1679,5,5
1680,8,8
1681,7,7
1682,0,0
1683,0,0
1684,5,5
1685,1,1
1686,8,8
1687,8,8
1688,5,5
1689,8,8
1690,6,6
1691,1,4
1692,2,2
1693,2,2
1694,0,0
1695,9,9
1696,1,1
1697,9,9
1698,6,6
1699,9,9
1700,8,8
1701,0,0
1702,2,2
1703,4,4
1704,4,4
1705,1,1
1706,8,8
1707,0,0
1708,6,6
1709,6,6
1710,0,0
1711,3,3
1712,8,8
1713,6,6
1714,6,6
1715,8,8
1716,5,5
1717,3,3
1718,4,4
1719,9,9
1720,2,2
1721,6,6
1722,0,0
1723,3,3
1724,6,6
1725,0,0
1726,4,4
1727,3,3
1728,7,7
1729,1,1
1730,3,3
1731,6,6
1732,4,4
1733,4,4
1734,7,7
1735,7,7
1736,4,4
1737,3,3
1738,7,9
1739,1,1
1740,7,7
1741,4,4
1742,3,3
1743,6,6
1744,9,9
1745,3,3
1746,5,5
1747,0,0
1748,1,1
1749,9,9
1750,3,3
1751,5,5
1752,8,8
1753,9,9
1754,1,1
1755,5,5
1756,2,2
1757,1,1
1758,5,5
1759,1,1
1760,3,3
1761,9,9
1762,1,1
1763,3,3
1764,6,6
1765,6,6
1766,3,3
1767,3,3
1768,2,2
1769,3,3
1770,9,9
1771,0,0
1772,2,2
1773,0,0
1774,0,0
1775,4,9
1776,1,3
1777,1,1
1778,6,6
1779,8,8
1780,3,3
1781,3,3
1782,6,6
1783,7,7
1784,3,3
1785,3,3
1786,0,0
1787,2,8
1788,9,9
1789,2,2
1790,0,0
1791,5,5
1792,3,2
1793,3,3
1794,6,6
1795,9,9
1796,1,1
1797,4,4
1798,4,4
1799,6,6
1800,0,0
1801,4,4
1802,7,7
1803,3,3
1804,3,3
1805,6,6
1806,5,5
1807,2,2
1808,4,4
1809,4,4
1810,8,8
1811,9,9
1812,1,1
1813,1,1
1814,7,7
1815,9,9
1816,2,2
1817,8,8
1818,6,6
1819,2,2
1820,1,1
1821,7,7
1822,9,9
1823,4,4
1824,7,7
1825,8,8
1826,1,1
1827,0,0
1828,6,6
1829,3,3
1830,2,2
1831,1,1
1832,9,9
1833,4,7
1834,0,0
1835,6,6
1836,5,5
1837,0,0
1838,4,4
1839,6,6
1840,8,8
1841,8,8
1842,2,2
1843,4,4
1844,4,4
1845,7,7
1846,3,3
1847,2,2
1848,6,6
1849,9,9
1850,7,7
1851,1,1
1852,1,1
1853,0,0
1854,1,1
1855,2,2
1856,4,7
1857,4,4
1858,3,3
1859,9,9
1860,2,8
1861,1,1
1862,1,1
1863,9,9
1864,3,3
1865,5,5
1866,1,1
1867,7,7
1868,3,3
1869,6,6
1870,2,2
1871,4,4
1872,4,4
1873,6,6
1874,4,4
1875,3,3
1876,0,0
1877,8,8
1878,1,1
1879,4,4
1880,1,1
1881,3,3
1882,1,1
1883,7,7
1884,6,3
1885,2,2
1886,0,0
1887,3,3
1888,8,8
1889,1,1
1890,2,2
1891,6,6
1892,2,7
1893,2,2
1894,3,3
1895,3,3
1896,1,1
1897,4,4
1898,0,0
1899,1,1
1900,4,4
1901,9,9
1902,2,2
1903,8,8
1904,1,1
1905,5,5
1906,5,5
1907,5,5
1908,7,7
1909,8,8
1910,6,6
1911,1,1
1912,5,5
1913,6,6
1914,9,9
1915,5,5
1916,8,8
1917,2,2
1918,3,3
1919,8,8
1920,8,8
1921,6,6
1922,7,7
1923,7,1
1924,4,4
1925,5,5
1926,1,1
1927,6,6
1928,5,5
1929,8,8
1930,0,0
1931,2,2
1932,1,1
1933,1,1
1934,7,7
1935,3,3
1936,1,1
1937,2,2
1938,1,1
1939,1,1
1940,4,4
1941,5,5
1942,5,5
1943,4,4
1944,9,9
1945,7,7
1946,9,9
1947,4,4
1948,8,8
1949,7,7
1950,4,4
1951,1,1
1952,1,1
1953,4,4
1954,1,1
1955,3,3
1956,4,4
1957,7,7
1958,2,2
1959,9,9
1960,1,1
1961,8,8
1962,9,9
1963,2,2
1964,8,8
1965,2,2
1966,4,4
1967,6,6
1968,0,0
1969,9,9
1970,2,2
1971,3,3
1972,4,4
1973,4,4
1974,3,3
1975,9,9
1976,2,2
1977,4,4
1978,4,4
1979,4,4
1980,7,7
1981,2,2
1982,8,8
1983,7,7
1984,8,3
1985,3,3
1986,0,0
1987,5,5
1988,0,0
1989,5,5
1990,3,3
1991,1,1
1992,9,9
1993,6,6
1994,4,4
1995,0,0
1996,1,1
1997,7,7
1998,6,6
1999,9,9
