,prediction,true
0,4,7
1,9,9
2,8,5
3,1,1
4,0,0
5,1,1
6,0,9
7,2,2
8,4,4
9,4,4
10,2,2
11,0,0
12,1,1
13,0,0
14,3,3
15,7,7
16,2,2
17,8,8
18,2,2
19,7,7
20,2,2
21,4,8
22,8,0
23,7,7
24,6,6
25,1,8
26,3,5
27,5,5
28,5,5
29,9,2
30,5,5
31,0,0
32,5,5
33,1,1
34,1,1
35,8,8
36,0,0
37,8,8
38,3,3
39,3,3
40,3,5
41,8,8
42,6,6
43,2,2
44,5,5
45,7,7
46,1,1
47,2,7
48,0,0
49,6,6
50,1,1
51,0,0
52,9,9
53,5,5
54,6,6
55,1,1
56,3,3
57,7,7
58,9,9
59,3,2
60,7,7
61,0,0
62,2,2
63,2,2
64,6,6
65,3,3
66,0,0
67,0,0
68,6,5
69,5,5
70,1,1
71,1,1
72,3,8
73,9,9
74,2,2
75,9,9
76,2,7
77,4,4
78,8,8
79,7,7
80,8,8
81,9,7
82,3,3
83,9,9
84,9,4
85,9,9
86,0,0
87,7,7
88,4,4
89,3,3
90,5,3
91,3,3
92,7,7
93,1,1
94,8,8
95,4,4
96,9,9
97,3,3
98,0,0
99,9,9
